A=[1/3,0,0;
    0,1/4,0;
    0,0,1/7]
B=(A^-1-1)/6;
B